start: 2018-12-15 00:18:47.868926
end:   2018-12-15 00:30:53.538247
start: 2018-12-15 00:31:56.310911
end:   2018-12-15 00:31:59.599633
task time: 0:0:3
----------------------------------
