start: 2018-12-13 01:41:34.637203
end:   2018-12-13 01:41:43.447718
